152262
160176
166724
152069
140593
144115
158101
154092
170294
141422
142508
142506
142234
156295
172885
164385
157211
169222
171250
168171
164329
146397
145349
180183
180189
180174
180070
180088
180087
180055
176774
176839
180188
180182
180180
180173
180254
180177
180073
180058
139872
176777
206533
175763
176780
176779
176772
180172
180184
180250
180075
180056
180048
180052
180186
180179
180110
180072
180253
180178
180181
180096
180095
180094
180093
180092
180086
180085
180084
180082
180061
180054
180053
180185
180176
180175
180187
180089
180074
180060
180059
